



















 









 









        5                                                 5                                                 5
    555252                                            555252                                            555252
    525	6                                             525 6                                             525 6 
    525                                               52d                                               525  
    525                                               52d                                               525    
    525                                               52d                                               525  
    525                                               52d                                               525     
    525                                               525                                               525  
    525                                               525                                               525    
    525                                               525                                               525  
    525                                               525                                               525    
5555525555555555555555555555dddddddddddd5555555555555552555555555555555555555555555555555555555555555555525  

886 866 668 688 688 888 888 888 888 888 888 888 886 886 866 668 688 688 888 888 888 888 888 888 888 888 888 88
   5   6   6   5   5   5   5   5   5   5   5   5   5   6   6   6   5   5   5   5   5   5   5   5   5   5   5   
8   8   6   8   8   8   8   8   8   8   8   8   8   8   8   6   8   8   8   8   8   8   8   8   8   8   8      
888 888 888 888 888 888 888 888 888 888 888 888 888 888 888 888 888 888 888 888 888 888 888 888 888 888 888       